00100000000100000010000000000000
00100000000011010000000000000001
00100000000010000000000000000001
10101110000010000000000000000000
00100000000010000000000000000010
10101110000010000000000000000100
00100000000010000000000000000011
10101110000010000000000000001000
00100000000010000000000000000100
10101110000010000000000000001100
00100000000010000000000000000101
10101110000010000000000000010000
00100000000010000000000000000101
10101110000010000000000000010100
10001110000100010000000000010100
00100000000010000000000000000000
00010010001000000000000000000101
10001110000010010000000000000000
00000001000010010100000000100000
00100010000100000000000000000100
00000010001011011000100000100010
00001000000000000000000000010000
00100000000000100000000000001010
00000000000000000000000000001100
