00100000000100000010000000000000
00100000000100010000000000101000
00100000000010000000000000001010
10101110000010000000000000000000
00100000000010000000000000000010
10101110000010000000000000000100
00100000000010000000000000000101
10101110000010000000000000001000
00100000000010000000000000000100
10101110000010000000000000001100
00100000000010000000000000000011
10101110000010000000000000010000
00100000000010000000000000000110
10101110000010000000000000010100
00100000000010000000000000000111
10101110000010000000000000011000
00100000000010000000000000001000
10101110000010000000000000011100
00100000000010000000000000000100
10101110000010000000000000100000
00100000000010000000000000001010
10101110000010000000000000100100
00001100000000000000000000011001
00100000000000100000000000001010
00000000000000000000000000001100
00100000000010000000000000000000
00000010001010000111000000100010
00100001110011101111111111111100
00010001110000000000000000001111
00100000000010010000000000000000
00010001001011100000000000001011
00000010000010010111100000100000
10001101111010100000000000000000
00100001001110000000000000000100
00000010000110001100000000100000
10001111000010110000000000000000
00000001010010110000100000101010
00010000001000000000000000000010
10101101111010110000000000000000
10101111000010100000000000000000
00100001001010010000000000000100
00001000000000000000000000011110
00100001000010000000000000000100
00001000000000000000000000011010
00000011111000000000000000001000
